Id	x_pos	y_pos	z_pos
0	-4.24	-24.46	-14.53
1	11.47	-22.49	-14.52
2	22.4	-11.45	-14.6
3	24.84	3.98	-14.57
4	17.98	17.75	-14.64
5	3.76	24.9	-14.6
6	-11	22.37	-14.72
7	-22.32	11.54	-14.55
8	-24.87	-3.72	-14.65
9	-17.83	-17.49	-14.65
10	4.34	-24.82	-9.59
11	18.6	-17.52	-9.51
12	24.99	-3.37	-9.57
13	22.27	11.95	-9.57
14	11.07	22.88	-9.53
15	-4.53	24.99	-9.66
16	-18.17	17.56	-9.59
17	-25.1	3.24	-9.54
18	-22.37	-11.79	-9.6
19	-10.9	-22.96	-9.6
20	-0.67	-30.18	-4.73
21	14.18	-26.5	-4.92
22	25.42	-15.89	-4.78
23	30	-0.62	-4.79
24	26.56	14.18	-4.77
25	15.61	25.84	-4.83
26	0.97	30.19	-4.79
27	-14.43	26.6	-4.86
28	-25.43	15.86	-4.73
29	-30.07	0.83	-4.78
30	-26.6	-14.1	-4.76
31	-15.75	-25.56	-4.91
32	-1.06	-33.23	0.31
33	13.34	-30.27	0.44
34	25.58	-21.31	0.29
35	32.66	-8.18	0.31
36	32.33	6.18	0.42
37	26.59	19.98	0.56
38	15.53	29.55	0.36
39	1.15	33.54	0.41
40	-13.74	30.39	0.36
41	-25.12	21.48	0.29
42	-32.15	8.92	0.36
43	-32.81	-6.08	0.48
44	-26.88	-19.8	0.58
45	-15.41	-29.44	0.48
46	8.56	-38.88	5.51
47	22.24	-30.3	5.52
48	30.7	-21.33	5.45
49	34.96	-13	5.49
50	36.57	-4.54	5.41
51	36.61	4.16	5.34
52	35.05	12.93	5.55
53	30.18	21.59	5.45
54	22.35	30.34	5.47
55	7.78	38.91	5.57
56	-7.95	38.96	5.56
57	-22.69	30.15	5.46
58	-31.04	21.5	5.53
59	-35.32	13.1	5.45
60	-36.58	4.3	5.41
61	-36.97	-4.47	5.4
62	-35.35	-12.94	5.52
63	-30.57	-21.2	5.51
64	-22.37	-30.1	5.57
65	-7.65	-38.99	5.49
66	7.73	-38.86	11.38
67	22.26	-30.41	11.42
68	31.1	-21.53	11.35
69	35.24	-12.85	11.37
70	37.32	-4.37	11.35
71	37.52	4.21	11.3
72	35.52	13.04	11.28
73	31.01	21.63	11.31
74	22.46	30.19	11.42
75	8.04	39.06	11.3
76	-7.88	39.06	11.39
77	-22.23	30.3	11.35
78	-30.69	21.64	11.33
79	-35.19	12.93	11.32
80	-37.37	4.48	11.36
81	-37.42	-4.36	11.31
82	-35.45	-13.04	11.27
83	-31.07	-21.54	11.46
84	-22.03	-30.16	11.39
85	-7.9	-39.11	11.43
86	7.73	-39.14	17.35
87	22.17	-30.22	17.25
88	31.01	-21.57	17.3
89	35.39	-12.88	17.29
90	37.5	-4.3	17.33
91	37.36	4.35	17.28
92	34.95	12.85	17.27
93	30.9	21.61	17.3
94	22.39	30.18	17.39
95	7.84	38.98	17.28
96	-7.84	39.21	17.29
97	-22.54	30.17	17.38
98	-30.96	21.7	17.24
99	-35.16	12.85	17.39
100	-36.99	4.28	17.3
101	-37.47	-4.55	17.3
102	-35.51	-13.01	17.4
103	-30.74	-21.5	17.31
104	-22.07	-30.28	17.22
105	-7.94	-38.9	17.39
106	3.49	-35.41	23.98
107	10.26	-34.36	24.01
108	17.18	-31.61	23.92
109	24.1	-26.43	24
110	30.97	-17.07	20.56
111	33.78	-10.24	20.58
112	34.96	-3.42	20.54
113	35.03	3.46	20.5
114	33.86	10.2	20.55
115	30.97	17.11	20.58
116	23.9	25.99	20.63
117	17.08	31.01	20.54
118	10.39	34.29	24.1
119	3.34	35.48	23.86
120	-3.5	35.56	23.84
121	-10.22	34.39	23.85
122	-17.02	31.06	20.52
123	-23.89	25.91	20.59
124	-30.98	17.06	20.59
125	-33.78	10.18	20.58
126	-35.02	3.44	20.51
127	-35.02	-3.46	20.48
128	-33.79	-10.25	20.55
129	-31.02	-17.04	20.57
130	-23.89	-25.94	20.58
131	-17.05	-30.99	20.55
132	-10.46	-34.31	23.96
133	-3.31	-35.56	23.8
134	3.44	-31.22	31.46
135	10.25	-29.44	31.69
136	17.09	-25.94	31.45
137	25.2	-24.08	31.46
138	25.31	-17.08	31.8
139	29.07	-10.23	31.67
140	31.25	-3.34	31.48
141	31.19	3.46	31.57
142	29.64	10.37	31.41
143	26.2	16.98	31.44
144	26.11	23.99	31.5
145	17.12	25.61	31.56
146	10.37	29.61	31.62
147	3.44	31.24	31.41
148	-3.51	31.21	31.58
149	-10.39	29.37	31.55
150	-17.18	26.2	31.44
151	-26.56	24.04	31.68
152	-26.19	17.14	31.62
153	-29.63	10.31	31.47
154	-31	3.42	31.47
155	-31.01	-3.36	31.41
156	-29.44	-10.18	31.48
157	-26.06	-17.18	31.56
158	-26.19	-24.05	31.56
159	-17.09	-26.1	31.52
160	-10.32	-29.34	31.44
161	-3.42	-31.26	31.45
162	18.97	-25.97	42.05
163	25.84	-18.66	42.01
164	25.75	19.01	41.87
165	19.19	25.9	41.98
166	-19.02	25.63	42.19
167	-25.81	19.25	42.01
168	-25.91	-18.98	41.85
169	-19.13	-26.06	41.92
170	4.55	-27.04	42.01
171	12.18	-26.02	41.71
172	19.17	-19.23	41.05
173	26.08	-12.17	40.99
174	27.16	-4.26	42.18
175	27.04	4.53	42.39
176	26.08	12.23	41.65
177	18.97	18.95	41.07
178	12.29	26.1	41.51
179	4.34	26.96	42.07
180	-4.38	27.14	42.4
181	-12.2	25.95	41.24
182	-18.97	19.09	41.18
183	-25.94	12.1	41.29
184	-27.16	4.31	42.27
185	-27.12	-4.37	42.3
186	-25.95	-12.32	41.38
187	-19.01	-19.2	41.12
188	-12.17	-26.05	41.64
189	-4.37	-27.03	42.44
190	4.39	-21.92	41.97
191	12.11	-18.91	41.26
192	18.99	-12.17	41.33
193	21.83	-4.45	42.16
194	21.83	4.47	41.78
195	19.05	12.14	41.21
196	12.2	18.96	41.26
197	4.34	21.76	41.91
198	-4.33	21.82	42
199	-12.22	18.97	41.07
200	-19.16	12.09	41.18
201	-21.84	4.42	42.1
202	-21.9	-4.32	42.18
203	-19.02	-12.18	41.28
204	-12.22	-18.96	40.86
205	-4.27	-21.84	42.2
206	4.35	-16.47	41.66
207	12.08	-12.17	41.22
208	16.64	-4.36	42
209	16.47	4.42	42.03
210	12.09	12.14	41.1
211	4.29	16.5	41.9
212	-4.43	16.6	42.03
213	-12.01	12.17	41.07
214	-16.62	4.27	41.68
215	-16.51	-4.32	41.73
216	-12.05	-12.04	41.14
217	-4.28	-16.53	41.83
218	4.42	-11.24	42.2
219	11.15	-4.35	42.26
220	11.17	4.39	42.39
221	4.44	11.21	42.31
222	-4.38	11.13	42.26
223	-11.17	4.46	42.01
224	-11.16	-4.37	42.26
225	-4.35	-11.24	41.85
226	0	0	0
227	0	0	0
228	0	0	0
300	-18.66	29.86	23.17
301	-16.11	29.6	23.18
302	-18.79	29.14	25.71
303	-16.13	29	25.94
304	-22.99	24.67	23.39
305	-25.6	24.41	23.17
306	-22.97	24.25	25.99
307	-25.75	24.16	26.07
308	-29.7	16	23.12
309	-29.4	16.02	26.35
310	-29.37	19.07	23
311	-29.21	19.13	26.08
312	-32.84	9.65	23.18
313	-32.37	9.7	25.86
314	-32.87	12.36	23.22
315	-32.06	12.2	25.89
316	-32.82	-12.73	23.1
317	-32.01	-12.4	25.85
318	-32.51	-10	23.22
319	-32.27	-10.06	25.85
320	-29.69	-18.92	23.21
321	-28.59	-18.83	25.86
322	-29.78	-16.31	23.38
323	-29.57	-16.19	25.89
324	-23.02	-24.32	25.93
325	-25.79	-23.77	25.86
326	-22.88	-24.46	23.38
327	-25.71	-24.42	23.29
328	-16.09	-29.92	25.86
329	-18.78	-28.95	25.91
330	-16.13	-29.73	23.32
331	-18.86	-29.51	23.14
332	-34.1	2.53	23.21
333	-33.61	2.67	25.84
334	-33.76	5.23	23.29
335	-33.87	5.2	25.87
336	-34.08	-5.69	23.33
337	-32.81	-5.69	25.86
338	-34.41	-3.2	23.21
339	-33.17	-3.14	25.88
350	15.04	28.35	23.35
351	15.06	27.69	26.04
352	17.65	27.5	26
353	17.84	27.97	23.26
354	32.6	-4.26	23.47
355	32.34	-6.89	23.52
356	31.79	-6.8	26.24
357	31.91	-4.25	26.2
358	27.47	-9.59	26.09
359	28	-9.67	23.33
360	28.24	-12.29	23.25
361	27.2	-12.28	25.9
362	25.17	-18.07	23.34
363	25.11	-18.01	25.84
364	24.65	-15.41	25.86
365	25.57	-15.45	23.29
400	22.73	25.34	26.27
401	25.8	24.92	26.03
402	22.68	25.47	23.01
403	25.74	25.3	23.04
404	30.17	18.53	22.5
405	29.97	18.56	25.35
406	30	15.37	22.53
407	29.99	15.57	25.64
408	32.98	11.77	22.46
409	32.75	11.64	25.44
410	32.78	8.72	22.42
411	32.54	8.71	25.66
412	34.2	5.14	22.4
413	34.12	4.98	25.65
414	34.47	1.89	22.46
415	33.58	1.82	25.51
